  
 LSTM
 [Model] results : 
 {
 'loss': [0.12635909280564653, 0.10445983770433592, 0.1008288464759379, 0.09576716855023368, 0.09195070618401952, 0.08808652174129179, 0.08689263636693087, 0.08408300153801705, 0.08447320647231409, 0.08196972022796563],
 'mse': [0.12635913, 0.10445981, 0.10082869, 0.09576723, 0.09195095, 0.088086545, 0.0868927, 0.08408282, 0.08447327, 0.08197007],
 'mae': [0.22746627, 0.21164158, 0.21029083, 0.20682222, 0.20440267, 0.20168914, 0.20098852, 0.19905962, 0.1994047, 0.19743848],
 
 'val_loss': [0.07452167028877506, 0.12093787514297681, 0.2561427978186178, 0.11435848954465692, 0.10643978364318048, 0.3618949686662223, 0.22105038448600525, 0.09999450871716067, 0.1263748617478374, 0.15695713227629374],
 'val_mse': [0.07452169, 0.120937765, 0.2561428, 0.11435852, 0.10643981, 0.36189452, 0.22105007, 0.09999453, 0.12637492, 0.15695687],
 'val_mae': [0.19667248, 0.22612296, 0.2838851, 0.22266394, 0.22717002, 0.31966543, 0.25607884, 0.22025181, 0.22345753, 0.23841049]
 }
duration : 9:42:14.929885



simple RNN
[Model] results :
 {
'loss': [0.13522286766505556, 0.12476099465703314, 0.12237278760478634, 0.12824625700888817, 0.12490825048840307, 0.12339688190638862, 0.11876579171265166, 0.11790495255155362, 0.11836257193775188, 0.12326192181120685],
 'mse': [0.13522288, 0.124761246, 0.1223727, 0.12824643, 0.12490816, 0.123396635, 0.11876563, 0.11790503, 0.11836248, 0.12326218],
 'mae': [0.2384072, 0.22802058, 0.22664684, 0.23156355, 0.22768001, 0.22654445, 0.22226487, 0.22150369, 0.22307111, 0.22793755],
 
 'val_loss': [0.07177176110061258, 0.06966213132903963, 0.07182761850255891, 0.07319041522423436, 0.06914834239001198, 0.07740070480336446, 0.07246494380732173, 0.0724559324392287, 0.07216375945993206, 0.07032181150826941],
 'val_mse': [0.07177163, 0.06966208, 0.07182769, 0.07319045, 0.06914831, 0.07740072, 0.0724649, 0.07245597, 0.07216386, 0.07032164],
 'val_mae': [0.19418798, 0.19260992, 0.19580494, 0.19939677, 0.1907552, 0.20478073, 0.19532719, 0.19737616, 0.19525878, 0.19404204]
 }
duration : 2:56:05.599482


GRU
[Model] results : 
{
'loss': [0.12269735647871491, 0.1061352413600423, 0.09972888597988384, 0.09505585559759902, 0.08990733715724897, 0.08648848538390765, 0.08571689434201589, 0.08366791182887735, 0.08249538100952805, 0.08075396823367789], 
'mse': [0.122697376, 0.10613523, 0.099728785, 0.09505584, 0.08990718, 0.08648866, 0.08571673, 0.08366779, 0.08249527, 0.08075401], 
'mae': [0.2263086, 0.2147871, 0.21090841, 0.20810269, 0.2049971, 0.20208149, 0.20136932, 0.19987558, 0.1986977, 0.19726373], 

'val_loss': [0.06781766793713205, 0.0707204897988247, 0.07336282293744313, 0.08437018559490883, 0.08389227693996709, 0.08347666801659856, 0.08083996069015131, 0.07906418749024251, 0.07777401291636846, 0.07789295150389515],
 'val_mse': [0.06781767, 0.070720576, 0.07336274, 0.08437018, 0.083892316, 0.083476625, 0.0808399, 0.07906432, 0.07777409,0.07789283], 
 'val_mae': [0.18827903, 0.19218925, 0.19508658, 0.21302436, 0.21111962, 0.21080086, 0.20298411, 0.20385022, 0.19903709, 0.19717781]
 }
duration : 5:25:53.249711



